# -------------------------- o --------------------------
# File ID: fine_injected_subband.h5 
# -------------------------- o --------------------------
# Source:ProxCen_S
# MJD: 57791.844780092593	RA: 14h29m43s	DEC: -61d19m14s
# DELTAT:  18.253611	DELTAF(Hz):   2.793968	max_drift_rate:   5.000000	obs_length: 365.072220
# --------------------------
# Top_Hit_# 	Drift_Rate 	SNR 	Uncorrected_Frequency 	Corrected_Frequency 	Index 	freq_start 	freq_end 	SEFD 	SEFD_freq 	Coarse_Channel_Number 	Full_number_of_hits 	
# --------------------------
000001	  1.268949	  5.601550	   3033.984851	   3033.984851	72	   3033.984650	   3033.985004	0.0	      0.000000	0	7	
000002	 -0.617193	  5.849675	   3033.985108	   3033.985108	36	   3033.985007	   3033.985362	0.0	      0.000000	1	7	
000003	  2.927963	  6.769467	   3033.985731	   3033.985731	3	   3033.985723	   3033.986077	0.0	      0.000000	3	43	
000004	  4.547477	  6.694421	   3033.986153	   3033.986153	26	   3033.986080	   3033.986435	0.0	      0.000000	4	22	
000005	  1.979955	  5.806764	   3033.986538	   3033.986538	36	   3033.986438	   3033.986793	0.0	      0.000000	5	38	
000006	 -3.525406	  6.533175	   3033.986918	   3033.986918	44	   3033.986795	   3033.987150	0.0	      0.000000	6	10	
000007	  3.313092	  6.123226	   3033.987276	   3033.987276	44	   3033.987153	   3033.987508	0.0	      0.000000	7	29	
000008	  3.510593	  7.539290	   3033.987734	   3033.987734	80	   3033.987511	   3033.987866	0.0	      0.000000	8	56	
000009	 -2.972401	  5.870958	   3033.988201	   3033.988201	119	   3033.987868	   3033.988223	0.0	      0.000000	9	22	
000010	  2.853900	  5.655918	   3033.988382	   3033.988382	56	   3033.988226	   3033.988581	0.0	      0.000000	10	8	
000011	 -2.967463	  5.840954	   3033.988695	   3033.988695	40	   3033.988584	   3033.988938	0.0	      0.000000	11	8	
000012	 -2.858837	  6.480202	   3033.989240	   3033.989240	107	   3033.988941	   3033.989296	0.0	      0.000000	12	29	
000013	  2.952651	  5.440384	   3033.989332	   3033.989332	12	   3033.989299	   3033.989654	0.0	      0.000000	13	7	
000014	 -3.826596	  6.413938	   3033.989953	   3033.989953	106	   3033.989656	   3033.990011	0.0	      0.000000	14	34	
000015	  3.140277	  5.510772	   3033.990162	   3033.990162	53	   3033.990014	   3033.990369	0.0	      0.000000	15	4	
000016	  0.404879	  6.044116	   3033.990419	   3033.990419	17	   3033.990372	   3033.990727	0.0	      0.000000	16	31	
000017	 -1.017134	  5.874224	   3033.991009	   3033.991009	100	   3033.990729	   3033.991084	0.0	      0.000000	17	4	
000018	 -4.285788	  5.961283	   3033.991403	   3033.991403	113	   3033.991087	   3033.991442	0.0	      0.000000	18	20	
000019	  2.123143	  5.610745	   3033.991568	   3033.991568	44	   3033.991445	   3033.991799	0.0	      0.000000	19	19	
000020	 -0.256752	  6.185815	   3033.992090	   3033.992090	103	   3033.991802	   3033.992157	0.0	      0.000000	20	19	
000021	  3.337779	  5.916390	   3033.992249	   3033.992249	32	   3033.992160	   3033.992515	0.0	      0.000000	21	17	
000022	  2.468771	  5.773792	   3033.992601	   3033.992601	30	   3033.992517	   3033.992872	0.0	      0.000000	22	15	
000023	  3.066214	  5.678848	   3033.992945	   3033.992945	25	   3033.992875	   3033.993230	0.0	      0.000000	23	16	
000024	 -0.399941	  5.472319	   3033.993361	   3033.993361	46	   3033.993233	   3033.993588	0.0	      0.000000	24	6	
000025	 -1.422012	  5.556895	   3033.993722	   3033.993722	47	   3033.993590	   3033.993945	0.0	      0.000000	25	4	
000026	  2.063893	  5.583547	   3033.994099	   3033.994099	54	   3033.993948	   3033.994303	0.0	      0.000000	26	15	
000027	  1.491138	  5.201396	   3033.994373	   3033.994373	24	   3033.994306	   3033.994660	0.0	      0.000000	27	1	
000028	 -3.525406	  5.388561	   3033.995202	   3033.995202	65	   3033.995021	   3033.995376	0.0	      0.000000	29	3	
000029	  4.290725	  5.757962	   3033.995451	   3033.995451	26	   3033.995378	   3033.995733	0.0	      0.000000	30	10	
000030	 -0.004938	399.011505	   3033.996091	   3033.996091	127	   3033.995736	   3033.996091	0.0	      0.000000	31	37844	
000031	  0.004938	698.400085	   3033.996094	   3033.996094	0	   3033.996094	   3033.996449	0.0	      0.000000	32	57094	
000032	  0.004938	387.607483	   3033.996097	   3033.996097	1	   3033.996094	   3033.996449	0.0	      0.000000	32	57094	
000033	  2.695899	  5.151594	   3033.996594	   3033.996594	51	   3033.996451	   3033.996806	0.0	      0.000000	33	2	
000034	  3.495780	  6.193845	   3033.996873	   3033.996873	23	   3033.996809	   3033.997164	0.0	      0.000000	34	18	
000035	  3.648844	  6.010166	   3033.997359	   3033.997359	69	   3033.997167	   3033.997521	0.0	      0.000000	35	40	
000036	  0.706069	  6.527149	   3033.997577	   3033.997577	19	   3033.997524	   3033.997879	0.0	      0.000000	36	86	
000037	  3.461218	  6.041308	   3033.997918	   3033.997918	13	   3033.997882	   3033.998237	0.0	      0.000000	37	6	
000038	  0.444379	  6.336956	   3033.998309	   3033.998309	25	   3033.998240	   3033.998594	0.0	      0.000000	38	21	
000039	 -3.387155	  5.645339	   3033.998712	   3033.998712	41	   3033.998597	   3033.998952	0.0	      0.000000	39	7	
000040	 -3.895721	  6.115832	   3033.999262	   3033.999262	110	   3033.998955	   3033.999310	0.0	      0.000000	40	12	
000041	  3.174840	  5.970320	   3033.999435	   3033.999435	44	   3033.999312	   3033.999667	0.0	      0.000000	41	14	
000042	 -2.918088	  5.154003	   3033.999938	   3033.999938	96	   3033.999670	   3034.000025	0.0	      0.000000	42	1	
000043	 -1.634327	  5.801023	   3034.000181	   3034.000181	55	   3034.000028	   3034.000382	0.0	      0.000000	43	21	
000044	  3.090902	  6.477302	   3034.000592	   3034.000592	74	   3034.000385	   3034.000740	0.0	      0.000000	44	27	
000045	  1.501013	  7.020103	   3034.000860	   3034.000860	42	   3034.000743	   3034.001098	0.0	      0.000000	45	147	
000046	  2.987214	  7.721980	   3034.001106	   3034.001106	2	   3034.001101	   3034.001455	0.0	      0.000000	46	73	
000047	  4.567227	  6.126257	   3034.001629	   3034.001629	61	   3034.001458	   3034.001813	0.0	      0.000000	47	14	
000048	  4.369726	  6.241026	   3034.001944	   3034.001944	46	   3034.001816	   3034.002171	0.0	      0.000000	48	19	
000049	 -2.004642	  5.294858	   3034.002503	   3034.002503	118	   3034.002173	   3034.002528	0.0	      0.000000	49	5	
000050	  4.670916	  6.775239	   3034.002545	   3034.002545	5	   3034.002531	   3034.002886	0.0	      0.000000	50	62	
000051	  2.261395	  5.764251	   3034.002922	   3034.002922	12	   3034.002889	   3034.003244	0.0	      0.000000	51	8	
000052	  4.730166	  6.616916	   3034.003330	   3034.003330	30	   3034.003246	   3034.003601	0.0	      0.000000	52	17	
000053	  2.947713	  5.514834	   3034.003844	   3034.003844	86	   3034.003604	   3034.003959	0.0	      0.000000	53	3	
000054	  1.639264	  6.693774	   3034.004045	   3034.004045	30	   3034.003962	   3034.004316	0.0	      0.000000	54	95	
000055	  3.861159	  6.032857	   3034.004543	   3034.004543	80	   3034.004319	   3034.004674	0.0	      0.000000	55	11	
000056	 -1.540513	  5.834770	   3034.004842	   3034.004842	59	   3034.004677	   3034.005032	0.0	      0.000000	56	19	
000057	  4.157411	  5.374069	   3034.005241	   3034.005241	74	   3034.005034	   3034.005389	0.0	      0.000000	57	9	
000058	  3.737720	  5.921831	   3034.005635	   3034.005635	87	   3034.005392	   3034.005747	0.0	      0.000000	58	11	
000059	 -3.979660	  6.139240	   3034.006004	   3034.006004	91	   3034.005750	   3034.006105	0.0	      0.000000	59	57	
000060	  2.197207	  6.919766	   3034.006267	   3034.006267	57	   3034.006107	   3034.006462	0.0	      0.000000	60	69	
000061	 -4.626478	  5.607738	   3034.006697	   3034.006697	83	   3034.006465	   3034.006820	0.0	      0.000000	61	7	
000062	 -1.979955	  6.948753	   3034.006990	   3034.006990	60	   3034.006823	   3034.007177	0.0	      0.000000	62	62	
000063	  1.328199	  6.701481	   3034.007376	   3034.007376	70	   3034.007180	   3034.007535	0.0	      0.000000	63	24	
